       weight_2023 pitax_2023 total_income_2023 weight_2024 pitax_2024 total_income_2024 weight_2025 pitax_2025 total_income_2025 weight_2026 pitax_2026 total_income_2026 weight_2027  pitax_2027 total_income_2027 weight_ref_2027 pitax_ref_2027 total_income_ref_2027 weight_ref_2028 pitax_ref_2028 total_income_ref_2028 weight_ref_2029 pitax_ref_2029 total_income_ref_2029 weight_ref_2030 pitax_ref_2030 total_income_ref_2030 weight_ref_2031 pitax_ref_2031 total_income_ref_2031 weight_ref_2032 pitax_ref_2032 total_income_ref_2032
0-10n          -99          0                 0         -99          0                 0         -99          0                 0         -99          0                 0         -99           0                 0             -99              0                     0             -99              0                     0             -99              0                     0             -99              0                     0             -99              0                     0             -99              0                     0
0-10z          -99          0                 0         -99          0                 0         -99          0                 0         -99          0                 0         -99           0                 0             -99              0                     0             -99              0                     0             -99              0                     0             -99              0                     0             -99              0                     0             -99              0                     0
0-10p      236,768          0            71,137     210,922          0            79,674     210,922          0            88,438     210,922          2            98,166     210,922          22           108,964         210,922             22               108,964         210,922             61               120,950         210,922            119               134,255         210,922            261               149,023         210,922            880               165,415         210,922          2,209               183,611
10-20      236,768         35           200,729     210,922         77           224,817     210,922        317           249,546     210,922      2,042           276,996     210,922       5,885           307,466         210,922          5,885               307,466         210,922         11,748               341,287         210,922         19,981               378,829         210,922         30,559               420,500         210,922         43,018               466,755         210,922         57,281               518,098
20-30      236,768      2,779           297,922     210,922      8,353           333,672     210,922     16,394           370,376     210,922     26,571           411,118     210,922      38,593           456,341         210,922         38,593               456,341         210,922         52,514               506,538         210,922         68,177               562,257         210,922         85,682               624,106         210,922        105,215               692,757         210,922        126,952               768,961
30-40      236,768     24,886           407,485     210,922     37,794           456,383     210,922     51,721           506,585     210,922     67,327           562,310     210,922      84,734           624,164         210,922         84,734               624,164         210,922        104,113               692,822         210,922        125,668               769,032         210,922        149,647               853,626         210,922        176,316               947,525         210,922        204,919             1,051,753
40-50      236,793     56,124           518,837     210,945     73,748           581,098     210,945     91,885           645,018     210,945    112,036           715,970     210,945     134,419           794,727         210,945        134,416               794,727         210,945        159,272               882,147         210,945        186,889               979,183         210,945        216,414             1,086,893         210,945        249,873             1,206,452         210,945        292,796             1,339,161
50-60      236,768     88,412           631,069     210,922    109,936           706,798     210,922    132,043           784,546     210,922    156,591           870,846     210,922     183,850           966,639         210,922        183,849               966,639         210,922        213,167             1,072,969         210,922        245,714             1,190,995         210,922        287,693             1,322,005         210,922        337,592             1,467,425         210,922        393,297             1,628,842
60-70      236,768    133,953           792,909     210,922    160,968           888,058     210,922    188,718           985,744     210,922    219,537         1,094,176     210,922     253,768         1,214,535         210,922        252,972             1,214,535         210,922        295,948             1,348,134         210,922        346,665             1,496,429         210,922        403,325             1,661,036         210,922        466,285             1,843,750         210,922        536,354             2,046,563
70-80      236,780    197,899         1,013,735     210,934    232,599         1,135,383     210,934    268,241         1,260,276     210,934    307,829         1,398,906     210,934     351,805         1,552,785         210,934        368,232             1,552,785         210,934        427,267             1,723,592         210,934        492,862             1,913,187         210,934        565,961             2,123,638         210,934        647,568             2,357,238         210,934        738,555             2,616,534
80-90      236,785    325,230         1,470,569     210,938    375,369         1,647,037     210,938    426,993         1,828,211     210,938    484,586         2,029,314     210,938     548,822         2,252,539         210,938        606,297             2,252,539         210,938        692,628             2,500,318         210,938        788,911             2,775,353         210,938        896,203             3,080,642         210,938      1,015,665             3,419,512         210,938      1,148,679             3,795,659
90-100     236,774  1,464,798         5,251,578     210,928  1,660,528         5,881,768     210,928  1,863,030         6,528,762     210,928  2,089,595         7,246,926     210,928   2,342,837         8,044,088         210,928      2,668,707             8,044,088         210,928      2,990,281             8,928,937         210,928      3,348,501             9,911,120         210,928      3,747,709            11,001,344         210,928      4,192,308            12,211,491         210,928      4,687,367            13,554,755
ALL      2,367,737    229,414         1,065,605   2,109,279    265,940         1,193,478   2,109,279    303,937         1,324,760   2,109,279    346,615         1,470,484   2,109,279     394,477         1,632,237       2,109,279        434,374             1,632,237       2,109,279        494,704             1,811,783       2,109,279        562,353             2,011,079       2,109,279        638,351             2,232,298       2,109,279        723,478             2,477,851       2,109,279        818,848             2,750,415
90-95      118,386    610,462         2,496,451     105,463    696,566         2,796,025     105,463    785,406         3,103,588     105,463    884,446         3,444,983     105,463     994,794         3,823,931         105,463      1,143,720             3,823,931         105,463      1,291,843             4,244,563         105,463      1,456,919             4,711,465         105,463      1,641,912             5,229,727         105,463      1,849,795             5,804,997         105,463      2,083,087             6,443,546
95-99       94,710  1,295,514         4,843,219      84,371  1,469,993         5,424,405      84,371  1,651,983         6,021,090      84,371  1,857,731         6,683,410      84,371   2,089,960         7,418,585          84,371      2,440,856             7,418,585          84,371      2,743,209             8,234,629          84,371      3,081,160             9,140,438          84,371      3,458,021            10,145,886          84,371      3,876,844            11,261,934          84,371      4,342,433            12,500,746
Top 1%      23,678  6,413,453        20,660,163      21,093  7,242,302        23,139,383      21,093  8,095,141        25,684,715      21,093  9,042,576        28,510,034      21,093  10,094,314        31,646,137          21,093     11,204,772            31,646,137          21,093     12,470,459            35,127,212          21,093     13,875,444            38,991,206          21,093     15,435,074            43,280,238          21,093     17,166,321            48,041,064          21,093     19,088,050            53,325,582

